5102669011830583|07|2023|242
5102669011881123|11|2025|131
5102669011865050|10|2022|284
5102669011872015|02|2023|629
5102669011832233|04|2024|614
5102669011881115|05|2025|456
5102669011870563|04|2025|867
5102669011802525|03|2022|246
5102669011804448|06|2024|243
5102669011885306|03|2021|795
5102669011848700|09|2025|664
5102669011847074|04|2021|551
5102669011867015|06|2021|895
5102669011856182|12|2025|918
5102669011840640|04|2024|203
5102669011800628|04|2025|949
5102669011852702|01|2021|271
5102669011804802|12|2025|214
5102669011857727|03|2021|157
5102669011848403|10|2025|777
5102669011884358|05|2024|922
5102669011877634|04|2021|351
5102669011801485|04|2022|164
5102669011848064|03|2023|177
5102669011802202|06|2022|713
5102669011855606|10|2022|554
5102669011868351|09|2025|145
5102669011808381|06|2023|583
5102669011840673|08|2023|971
5102669011873716|03|2025|491
5102669011848122|08|2024|542
5102669011885363|08|2021|513
5102669011887872|10|2021|428
5102669011821517|06|2025|559
5102669011824784|11|2024|873
5102669011875620|07|2022|590
5102669011833025|08|2022|537
5102669011823307|11|2024|201
5102669011842828|06|2022|976
5102669011851514|05|2022|679
5102669011824552|12|2025|638
5102669011814454|03|2025|801
5102669011881552|10|2025|388
5102669011813001|01|2021|504
5102669011882881|05|2021|559
5102669011808373|05|2024|820
5102669011817143|09|2022|829
5102669011823273|12|2021|464
5102669011845680|11|2022|830
5102669011830237|09|2025|765
5102669011805338|03|2021|939
5102669011881875|01|2022|783
5102669011808555|04|2021|153
5102669011852413|01|2022|419
5102669011872221|02|2024|878
5102669011888375|07|2023|455
5102669011852207|04|2024|493
5102669011868732|07|2024|835
5102669011868740|08|2021|365
5102669011808365|01|2024|545
5102669011814736|08|2025|619
5102669011823141|08|2023|956
5102669011857552|08|2024|130
5102669011858220|04|2021|478
5102669011842364|06|2023|899
5102669011805007|08|2022|778
5102669011867528|09|2023|425
5102669011825658|06|2022|317
5102669011877808|05|2023|482
5102669011867205|03|2021|117
5102669011882428|09|2021|875
5102669011872171|01|2022|499
5102669011825526|01|2024|605
5102669011875836|05|2025|907
5102669011833264|04|2024|396
5102669011833686|09|2021|442
5102669011866421|03|2024|797
5102669011878756|11|2025|404
5102669011837208|07|2024|235
5102669011843461|12|2024|984
5102669011812888|03|2023|397
5102669011808712|03|2025|316
5102669011806237|02|2022|246
5102669011862362|06|2023|293
5102669011873328|10|2022|163
5102669011800875|05|2021|858
5102669011878665|09|2021|952
5102669011868682|02|2023|687
5102669011838537|07|2024|490
5102669011884630|04|2023|236
5102669011853718|05|2023|368
5102669011807847|01|2023|851
5102669011870316|07|2023|372
5102669011867106|08|2022|247
5102669011840301|12|2025|855
5102669011862164|09|2021|975
5102669011816848|09|2024|374
5102669011882188|05|2024|172
5102669011836812|02|2023|457
5102669011828181|03|2021|224
5102669011871363|05|2023|980
5102669011804745|10|2024|139
5102669011810023|02|2022|377
5102669011868526|08|2021|808
5102669011844444|05|2025|185
5102669011822804|11|2023|742
5102669011886726|03|2023|177
5102669011816558|08|2021|479
5102669011846621|10|2022|811
5102669011824354|12|2022|496
5102669011888854|06|2024|760
5102669011860671|04|2022|116
5102669011801535|02|2021|885
5102669011853072|03|2022|823
5102669011837604|03|2023|770
5102669011841275|01|2025|684
5102669011871033|12|2024|798
5102669011812235|02|2024|748
5102669011873278|03|2022|354
5102669011835608|07|2025|356
5102669011824263|01|2023|861
5102669011853643|05|2023|173
5102669011823778|04|2025|559
5102669011800883|09|2024|167
5102669011822457|01|2024|237
5102669011811013|06|2023|911
5102669011856653|06|2024|701
5102669011842638|12|2024|646
5102669011842042|07|2024|515
5102669011857586|12|2021|457
5102669011854310|04|2024|516
5102669011827050|01|2025|525
5102669011835558|01|2025|149
5102669011853064|11|2024|349
5102669011815386|01|2021|559
5102669011878756|02|2025|687
5102669011867775|09|2021|891
5102669011872270|08|2021|817
5102669011814751|05|2021|359
5102669011886726|03|2025|551
5102669011867882|10|2022|270
5102669011857511|08|2021|786
5102669011806724|04|2021|719
5102669011823117|12|2023|733
5102669011887245|05|2021|416
5102669011881081|06|2022|479
5102669011865837|03|2024|665
5102669011847132|10|2021|912
5102669011877014|06|2025|439
5102669011868641|07|2025|303
5102669011811013|11|2021|265
5102669011850557|06|2023|926
5102669011825542|01|2021|763
5102669011841762|07|2023|885
5102669011863105|09|2021|962
5102669011840848|07|2023|477
5102669011851803|10|2021|323
5102669011847280|04|2024|112
5102669011880562|07|2024|638
5102669011850011|09|2021|830
5102669011811286|12|2024|496
5102669011802871|03|2022|442
5102669011864657|12|2023|448
5102669011866850|03|2025|411
5102669011842471|03|2024|805
5102669011853718|03|2025|701
5102669011874888|10|2021|926
5102669011811542|09|2021|897
5102669011880844|09|2022|577
5102669011885835|12|2025|531
5102669011860762|11|2024|876
5102669011821335|08|2025|270
5102669011814348|09|2023|203
5102669011881164|04|2022|985
5102669011876511|05|2024|333
5102669011823331|06|2025|708
5102669011863113|06|2023|939
5102669011832332|03|2023|686
5102669011868435|12|2022|737
5102669011877576|01|2023|710
5102669011804786|02|2025|459
5102669011864327|07|2023|889
5102669011861612|07|2021|411
5102669011872387|05|2025|495
5102669011804521|12|2024|803
5102669011836622|12|2024|386
5102669011862818|08|2025|615
5102669011838321|01|2023|756
5102669011844865|10|2023|358
5102669011821384|09|2022|162
5102669011803614|10|2021|589
5102669011847710|10|2021|823
5102669011815170|07|2021|965
5102669011820055|02|2023|660
5102669011827357|04|2023|716
5102669011824123|02|2025|466
5102669011872205|04|2024|989
5102669011853122|09|2023|286
5102669011860101|04|2021|603
5102669011858212|11|2021|140
5102669011878418|03|2023|762
5102669011805460|01|2022|833
5102669011858584|01|2024|718
5102669011843610|04|2021|420
5102669011864038|06|2022|972
5102669011833017|12|2023|196
5102669011876263|08|2021|195
5102669011813555|04|2024|628
5102669011882063|06|2021|670
5102669011883731|04|2023|620
5102669011883715|08|2025|893
5102669011817663|05|2022|300
5102669011852405|09|2021|135
5102669011868765|05|2023|766
5102669011861737|06|2022|719
5102669011868005|06|2024|848
5102669011814132|10|2021|371
5102669011848775|12|2022|398
5102669011821665|09|2023|911
5102669011876842|12|2025|426
5102669011881784|07|2021|469
5102669011865431|08|2023|728
5102669011800362|12|2022|219
5102669011862867|04|2022|601
5102669011883400|07|2022|422
5102669011854427|07|2025|895
5102669011818547|02|2022|672
5102669011818422|04|2021|238
5102669011847686|07|2025|439
5102669011821152|12|2024|422
5102669011881586|05|2025|369
5102669011850458|02|2025|185
5102669011848155|08|2025|163
5102669011864426|02|2024|679
5102669011841051|04|2021|370
5102669011880067|03|2023|731
5102669011825633|10|2021|924
5102669011871785|10|2022|464
5102669011817234|02|2024|669
5102669011811500|02|2022|650
5102669011850433|12|2024|958
5102669011803374|05|2023|119
5102669011860655|03|2024|924
5102669011804620|03|2021|890
5102669011837117|04|2023|258
5102669011833462|01|2025|189
5102669011880067|08|2024|115
5102669011860275|07|2024|532
5102669011812128|10|2024|169
5102669011835731|10|2022|589
5102669011877527|10|2023|171
5102669011854112|07|2021|476
5102669011821681|08|2025|511
5102669011813787|03|2024|179
5102669011874268|02|2023|316
5102669011802723|07|2021|154
5102669011833215|05|2023|448
5102669011845433|04|2022|486
5102669011802558|02|2021|757
5102669011877162|05|2023|429
5102669011866371|02|2023|910
5102669011825468|04|2021|599
5102669011843370|12|2023|783
5102669011822481|07|2021|263
5102669011828264|10|2022|169
5102669011821475|07|2021|932
5102669011808720|12|2024|469
5102669011826235|07|2024|706
5102669011834452|04|2022|883
5102669011862362|05|2022|199
5102669011883152|04|2022|936
5102669011848346|11|2023|162
5102669011814736|01|2023|765
5102669011888284|10|2025|661
5102669011840152|03|2021|403
5102669011825484|02|2024|383
5102669011805148|04|2025|663
5102669011876248|11|2024|968
5102669011857586|07|2022|425
5102669011817028|04|2025|626
5102669011811112|03|2022|725
5102669011856117|07|2022|306
5102669011881313|07|2023|200
5102669011822317|12|2023|624
5102669011880810|05|2025|963
5102669011851456|09|2023|732
5102669011835418|06|2025|529
5102669011816855|05|2023|316
5102669011806252|01|2025|265
5102669011850557|11|2024|461
5102669011860671|05|2021|590
5102669011844253|09|2024|388
5102669011802764|01|2025|646
5102669011815360|05|2023|622
5102669011824636|07|2024|400
5102669011871108|12|2022|861
5102669011812383|07|2021|140
5102669011840632|01|2022|315
5102669011885611|01|2022|794
5102669011853346|01|2022|239
5102669011807128|10|2021|634
5102669011807482|09|2022|661
5102669011801121|11|2024|195
5102669011827381|04|2023|398
5102669011867536|08|2023|836
5102669011847140|11|2023|466
5102669011823554|12|2021|941
5102669011846241|08|2024|556
5102669011880711|04|2025|511
5102669011818570|12|2022|219
5102669011810304|03|2022|868
5102669011852850|04|2022|716
5102669011844220|09|2025|502
5102669011801402|07|2022|899
5102669011856877|11|2021|186
5102669011875323|05|2024|719
5102669011888680|03|2022|784
5102669011880612|11|2021|622
5102669011827423|06|2021|799
5102669011888177|02|2024|656
5102669011851118|02|2024|410
5102669011857800|10|2022|487
5102669011840624|02|2021|611
5102669011823315|10|2022|873
5102669011887344|03|2025|858
5102669011875760|07|2024|246
5102669011866371|08|2021|169
5102669011816632|03|2025|333
5102669011872478|07|2022|952
5102669011831623|08|2022|621
5102669011847785|10|2023|679
5102669011881883|07|2024|971
5102669011842505|12|2025|346
5102669011888557|06|2021|728
5102669011826623|12|2023|497
5102669011826128|10|2025|294
5102669011873575|09|2023|248
5102669011868104|04|2024|239
5102669011844865|01|2022|934
5102669011813811|02|2024|479
5102669011801055|05|2024|708
5102669011854252|09|2022|813
5102669011832233|04|2022|663
5102669011840830|12|2022|266
5102669011826136|09|2021|272
5102669011883707|01|2021|469
5102669011864764|01|2025|585
5102669011853643|03|2025|423
5102669011841630|08|2025|117
5102669011813274|10|2024|693
5102669011827217|09|2022|453
5102669011841861|01|2025|826
5102669011802426|07|2023|365
5102669011823778|05|2025|635
5102669011851555|12|2025|309
5102669011870456|12|2023|693
5102669011854336|05|2022|957
5102669011871488|03|2024|802
5102669011853411|08|2023|834
5102669011847330|01|2022|885
5102669011806732|11|2025|921
5102669011871561|10|2025|321
5102669011802772|05|2023|672
5102669011824651|04|2023|711
5102669011842588|10|2024|153
5102669011805221|04|2022|961
5102669011824875|06|2022|731
5102669011874185|04|2023|923
5102669011853775|11|2025|809
5102669011862313|04|2022|452
5102669011821061|07|2021|331
5102669011825211|09|2025|647
5102669011811674|12|2021|734
5102669011848650|08|2021|772
5102669011856752|01|2021|573
5102669011853643|11|2021|876
5102669011875000|03|2024|635
5102669011880406|11|2024|752
5102669011855085|07|2025|283
5102669011872825|05|2024|768
5102669011852058|02|2022|361
5102669011873260|02|2022|287
5102669011863311|09|2024|844
5102669011815121|07|2023|890
5102669011866405|11|2024|698
5102669011845888|07|2022|319
5102669011846241|09|2025|186
5102669011860168|02|2022|807
5102669011850383|11|2023|548
5102669011834858|05|2023|220
5102669011834817|12|2023|373
5102669011840327|03|2022|887
5102669011828082|01|2022|887
5102669011806088|01|2024|220
5102669011855622|10|2025|296
5102669011882766|03|2023|397
5102669011810403|06|2023|690
5102669011823638|12|2021|395
5102669011820865|01|2025|428
5102669011866546|01|2024|137
5102669011815188|12|2024|598
5102669011800545|12|2023|393
5102669011888524|12|2023|565
5102669011827878|01|2022|615
5102669011850102|07|2025|843
5102669011870845|07|2022|964
5102669011886403|08|2023|134
5102669011833272|03|2024|243
5102669011832522|05|2021|775
5102669011845540|07|2025|842
5102669011814108|10|2025|627
5102669011876032|01|2022|438
5102669011844865|09|2023|568
5102669011853817|05|2022|963
5102669011824156|11|2023|534
5102669011803846|03|2021|559
5102669011867866|04|2024|819
5102669011846746|12|2024|810
5102669011852348|05|2021|453
5102669011811310|06|2023|540
5102669011841432|11|2022|512
5102669011816103|10|2025|965
5102669011883020|10|2024|329
5102669011817622|07|2025|475
5102669011821731|10|2023|511
5102669011835012|11|2021|376
5102669011881743|11|2025|710
5102669011823331|05|2021|127
5102669011804877|08|2021|265
5102669011872353|09|2024|629
5102669011864756|01|2022|799
5102669011870217|02|2021|451
5102669011878830|03|2024|665
5102669011856372|02|2023|303
5102669011807003|09|2022|464
5102669011837067|02|2021|684
5102669011806211|03|2024|964
5102669011877808|10|2021|647
5102669011805072|08|2023|739
5102669011800248|03|2025|466
5102669011873674|01|2022|469
5102669011828173|08|2022|903
5102669011877584|08|2021|232
5102669011824164|04|2025|776
5102669011852512|07|2025|327
5102669011813316|12|2025|962
5102669011874755|06|2023|448
5102669011831748|05|2025|345
5102669011882741|04|2025|547
5102669011825047|11|2022|528
5102669011873104|06|2021|223
5102669011832100|04|2025|179
5102669011860036|10|2023|562
5102669011858766|05|2025|959
5102669011852140|01|2021|768
5102669011843818|08|2024|579
5102669011881164|04|2024|945
5102669011868450|08|2021|488
5102669011802103|03|2023|206
5102669011885637|10|2021|282
5102669011841531|07|2023|321
5102669011808621|03|2022|563
5102669011843487|05|2024|287
5102669011827357|08|2024|472
5102669011851753|07|2022|531
5102669011880703|07|2022|510
5102669011802541|08|2021|774
5102669011835541|10|2025|813
5102669011884382|03|2024|360
5102669011877436|02|2023|944
5102669011800222|07|2024|293
5102669011860358|06|2023|297
5102669011815253|12|2022|884
5102669011811070|02|2022|331
5102669011880810|07|2022|712
5102669011872668|05|2024|539
5102669011816731|03|2021|793
5102669011871751|10|2022|625
5102669011887153|10|2022|140
5102669011873468|10|2025|550
5102669011840467|07|2025|899
5102669011810205|07|2022|230
5102669011815527|06|2025|735
5102669011857644|03|2021|847
5102669011836655|02|2024|691
5102669011876107|11|2025|367
5102669011845474|03|2022|994
5102669011822374|01|2025|686
5102669011882444|06|2023|844
5102669011815741|08|2025|243
5102669011878517|07|2023|127
5102669011856372|02|2021|206
5102669011817457|01|2024|724
5102669011875786|05|2022|855
5102669011861406|02|2024|317
5102669011847280|12|2022|811
5102669011843248|10|2023|337
5102669011834205|04|2023|353
5102669011820485|04|2022|547
5102669011810858|07|2022|256
5102669011822648|08|2025|288
5102669011832555|09|2024|449
5102669011833868|01|2024|565
5102669011872643|03|2024|260
5102669011880737|05|2021|676
5102669011810825|06|2022|910
5102669011833876|07|2023|878
5102669011858816|02|2022|281
5102669011851548|06|2022|163
5102669011825666|01|2021|515
5102669011824602|03|2024|424
5102669011826102|12|2025|772
5102669011801717|06|2023|579
5102669011828405|03|2022|390
5102669011841234|07|2022|980
5102669011813167|06|2025|855
5102669011824701|11|2025|863
5102669011824636|02|2024|406
5102669011826151|08|2023|680
5102669011823513|09|2024|455
5102669011863170|11|2024|599
5102669011881537|08|2022|316
5102669011864442|04|2023|518
5102669011821327|07|2024|887
5102669011858071|02|2025|761
5102669011875455|07|2021|894
5102669011863626|08|2022|646
5102669011822333|02|2022|517
5102669011823638|09|2021|944
5102669011814827|01|2021|474
5102669011814561|11|2021|567
5102669011883251|07|2024|981
5102669011865332|09|2021|790
5102669011826086|05|2025|515
5102669011854005|07|2025|909
5102669011856646|09|2025|330
5102669011806773|12|2021|250
5102669011863725|07|2024|259
5102669011846274|04|2023|545
5102669011803630|11|2021|703
5102669011868526|09|2022|900
5102669011812284|06|2025|439
5102669011885165|08|2022|554
5102669011873716|03|2023|713
5102669011807243|04|2025|725
5102669011842034|08|2023|594
5102669011826342|06|2021|869
5102669011832324|02|2024|831
5102669011883608|04|2024|112
5102669011864376|12|2022|907
5102669011878541|07|2024|402
5102669011872452|09|2024|427
5102669011866074|09|2025|402
5102669011846316|03|2023|981
5102669011868708|09|2021|664
5102669011862057|01|2023|311
5102669011882758|06|2025|362
5102669011876834|04|2022|494
5102669011888557|08|2024|568
5102669011816525|06|2023|696
5102669011827423|09|2023|371
5102669011871314|03|2021|836
5102669011813761|09|2022|239
5102669011878723|07|2021|801
5102669011837034|11|2023|723
5102669011861422|04|2024|924
5102669011851662|07|2024|718
5102669011821228|06|2025|260
5102669011880778|03|2023|712
5102669011874011|05|2022|369
5102669011880554|05|2022|656
5102669011870282|07|2021|984
5102669011868351|09|2023|334
5102669011801253|05|2024|242
5102669011808662|12|2021|347
5102669011801501|08|2024|758
5102669011835087|05|2021|612
5102669011870688|10|2021|915
5102669011871710|04|2025|928
5102669011812680|09|2025|856
5102669011855721|05|2025|991
5102669011800578|03|2022|201
5102669011814371|09|2023|806
5102669011854567|12|2021|861
5102669011824024|05|2023|310
5102669011864236|10|2023|163
5102669011852116|05|2024|827
5102669011841671|03|2023|896
5102669011860457|11|2024|578
5102669011806112|01|2023|827
5102669011825328|07|2023|594
5102669011866736|12|2025|863
5102669011878145|11|2024|580
5102669011835236|08|2024|853
5102669011832068|08|2022|990
5102669011874300|07|2021|417
5102669011803382|07|2023|314
5102669011877485|02|2025|264
5102669011872585|05|2024|190
5102669011871777|11|2023|834
5102669011817382|03|2023|144
5102669011882568|04|2024|551
5102669011803416|04|2025|461
5102669011823745|08|2023|838
5102669011813076|02|2021|714
5102669011815071|09|2021|703
5102669011816152|01|2024|297
5102669011880513|11|2022|795
5102669011805353|03|2022|200
5102669011835061|10|2021|156
5102669011844758|10|2023|986
5102669011810601|06|2024|997
5102669011867478|11|2024|396
5102669011845458|05|2025|893
5102669011876453|06|2023|586
5102669011825682|07|2025|859
5102669011824107|02|2025|274
5102669011852041|11|2021|242
5102669011847553|06|2024|260
5102669011808134|08|2025|344
5102669011831102|09|2021|548
5102669011884655|01|2022|928
5102669011873005|04|2022|275
5102669011854864|02|2022|149
5102669011887104|10|2022|989
5102669011832456|02|2025|455
5102669011818455|07|2022|804
5102669011817663|04|2025|735
5102669011811161|10|2021|737
5102669011847686|12|2021|312
5102669011823745|02|2025|766
5102669011856315|10|2021|539
5102669011840335|01|2021|843
5102669011867650|11|2022|839
5102669011840673|04|2025|188
5102669011874151|06|2021|123
5102669011868153|04|2023|244
5102669011873138|11|2025|368
5102669011828215|03|2021|760
5102669011846522|02|2022|976
5102669011837356|06|2021|987
5102669011816335|04|2024|514
5102669011816616|09|2023|544
5102669011872262|03|2023|294
5102669011886346|07|2021|494
5102669011844642|01|2023|668
5102669011885108|03|2022|306
5102669011862370|05|2021|233
5102669011810478|10|2024|505
5102669011844030|02|2023|429
5102669011853668|06|2021|161
5102669011825526|08|2024|947
5102669011862032|12|2022|340
5102669011886775|01|2023|595
5102669011827852|07|2021|892
5102669011860382|04|2021|667
5102669011842513|05|2025|502
5102669011817721|09|2024|607
5102669011820154|06|2022|813
5102669011853460|05|2025|527
5102669011816046|12|2023|405
5102669011887054|11|2024|274
5102669011802020|12|2021|369
5102669011886403|11|2023|946
5102669011846803|05|2023|921
5102669011885777|07|2025|966
5102669011834668|08|2025|602
5102669011862446|06|2021|511
5102669011836481|05|2025|465
5102669011821004|04|2022|302
5102669011877758|02|2024|746
5102669011864137|09|2024|832
5102669011840145|06|2025|683
5102669011848486|12|2024|293
5102669011851431|05|2023|709
5102669011846266|05|2024|322
5102669011828611|10|2021|242
5102669011876172|04|2021|733
5102669011818422|07|2021|841
5102669011830344|08|2024|820
5102669011850375|06|2024|931
5102669011826672|03|2025|293
5102669011811625|02|2022|975
5102669011815808|01|2022|976
5102669011886254|12|2023|774
5102669011865712|11|2022|238
5102669011852520|07|2023|982
5102669011873237|10|2022|332
5102669011875257|03|2023|207
5102669011816764|02|2024|431
5102669011884887|10|2021|824
5102669011868575|11|2021|547
5102669011836416|07|2023|868
5102669011834114|12|2023|459
5102669011831706|08|2024|564
5102669011858501|08|2021|974
5102669011858600|01|2021|456
5102669011880182|03|2023|209
5102669011834205|04|2022|711
5102669011864640|08|2024|236
5102669011811872|06|2024|722
5102669011864855|03|2021|998
5102669011846530|06|2021|429
5102669011886601|01|2021|130
5102669011835327|10|2022|900
5102669011888425|12|2023|868
5102669011825583|06|2025|462
5102669011875570|03|2023|967
5102669011813076|06|2021|998
5102669011805056|09|2022|463
5102669011870431|12|2021|114
5102669011814033|09|2024|230
5102669011840558|01|2024|754
5102669011842448|02|2021|828
5102669011866215|03|2021|456
5102669011827431|11|2025|536
5102669011831102|06|2024|170
5102669011875067|08|2023|296
5102669011803853|08|2025|581
5102669011824636|10|2023|944
5102669011863717|09|2022|616
5102669011815147|01|2024|312
5102669011872577|01|2021|624
5102669011801550|08|2023|882
5102669011873823|10|2021|517
5102669011841432|01|2024|266
5102669011861687|10|2021|224
5102669011812607|06|2024|282
5102669011806856|01|2021|960
5102669011821566|09|2023|203
5102669011821004|10|2024|153
5102669011854104|08|2024|643
5102669011861257|01|2024|120
5102669011862776|12|2021|528
5102669011851761|03|2022|725
5102669011874532|02|2022|617
5102669011857321|09|2022|939
5102669011861463|04|2022|611
5102669011854625|03|2024|167
5102669011811336|07|2023|887
5102669011820725|11|2023|535
5102669011801444|09|2025|958
5102669011882782|02|2023|201
5102669011807375|08|2023|929
5102669011846712|12|2024|571
5102669011845367|06|2021|570
5102669011838362|08|2025|918
5102669011875547|01|2021|166
5102669011834254|12|2021|837
5102669011821210|11|2022|329
5102669011883186|03|2022|987
5102669011816533|10|2023|734
5102669011876123|05|2021|606
5102669011886023|09|2022|467
5102669011862073|05|2025|493
5102669011884655|12|2025|414
5102669011858212|01|2022|400
5102669011804265|02|2024|962
5102669011822010|05|2025|614
5102669011865381|04|2024|302
5102669011814116|07|2025|928
5102669011855267|10|2022|329
5102669011842281|08|2025|671
5102669011863667|05|2021|459
5102669011860762|06|2025|255
5102669011810627|03|2022|958
5102669011848031|08|2025|814
5102669011870803|07|2025|603
5102669011857743|09|2022|418
5102669011816871|08|2022|736
5102669011851555|11|2022|316
5102669011865464|06|2022|634
5102669011818638|04|2023|353
5102669011844774|01|2022|315
5102669011848817|10|2025|112
5102669011823067|10|2025|201
5102669011886163|01|2025|323
5102669011800735|12|2022|909
5102669011886403|12|2022|690
5102669011815014|02|2023|451
5102669011882170|03|2024|172
5102669011840145|09|2024|614
5102669011844725|04|2024|169
5102669011846308|05|2025|322
5102669011847488|05|2021|199
5102669011840368|02|2022|341
5102669011844378|08|2025|807
5102669011800784|03|2025|339
5102669011840202|01|2024|906
5102669011845268|12|2022|557
5102669011807433|09|2022|878
5102669011824743|09|2021|987
5102669011861505|02|2024|345
5102669011861802|11|2023|126
5102669011878715|03|2023|868
5102669011830765|02|2021|437
5102669011871553|12|2024|665
5102669011808548|08|2024|850
5102669011860820|05|2023|279
5102669011824354|05|2022|270
5102669011824156|06|2025|798
5102669011888086|02|2024|360
5102669011854203|10|2022|429
5102669011871678|02|2025|168
5102669011847124|12|2025|717
5102669011832738|12|2023|234
5102669011874276|08|2023|784
5102669011863048|10|2023|873
5102669011881560|11|2024|355
5102669011855473|01|2024|702
5102669011845573|07|2023|544
5102669011832670|03|2025|812
5102669011881610|04|2021|811
5102669011816301|08|2021|852
5102669011827050|02|2024|206
5102669011822507|04|2024|224
5102669011866587|03|2024|410
5102669011826151|12|2022|889
5102669011853817|07|2022|635
5102669011833215|12|2022|749
5102669011868567|07|2021|896
5102669011867023|11|2022|573
5102669011870506|09|2025|354
5102669011850771|05|2022|674
5102669011845631|02|2022|463
5102669011841523|10|2025|883
5102669011806633|11|2021|131
5102669011831805|12|2023|962
5102669011856430|06|2021|724
5102669011811757|07|2024|342
5102669011864103|10|2023|291
5102669011861844|07|2023|763
5102669011884705|09|2023|525
5102669011858337|11|2025|837
5102669011882824|10|2024|523
5102669011831243|08|2024|464
5102669011816657|12|2024|968
5102669011854047|05|2021|488
5102669011842646|04|2021|783
5102669011810361|02|2024|702
5102669011817457|12|2024|739
5102669011818448|04|2022|780
5102669011804216|05|2022|271
5102669011847405|11|2025|775
5102669011850367|10|2023|145
5102669011845441|03|2022|727
5102669011875505|03|2023|210
5102669011824354|05|2021|718
5102669011886023|10|2024|686
5102669011843685|07|2025|369
5102669011808423|09|2023|465
5102669011840053|04|2024|473
5102669011843438|04|2023|652
5102669011878616|11|2023|226
5102669011844212|10|2024|816
5102669011857263|05|2024|904
5102669011854062|01|2025|876
5102669011838024|07|2021|452
5102669011855762|01|2025|485
5102669011834106|03|2022|401
5102669011825138|06|2022|343
5102669011855481|08|2022|154
5102669011813027|05|2021|913
5102669011864608|01|2022|881
5102669011848346|12|2022|258
5102669011857677|03|2024|434
5102669011878814|07|2025|897
5102669011850425|08|2025|754
5102669011857461|10|2023|118
5102669011825450|04|2021|239
5102669011877436|04|2021|373
5102669011822473|09|2024|311
5102669011831425|03|2021|756
5102669011841721|03|2021|904
5102669011874110|05|2025|449
5102669011881214|07|2022|681
5102669011851761|10|2024|183
5102669011834866|05|2023|581
5102669011832472|07|2025|995
5102669011838776|04|2022|125
5102669011857214|07|2022|345
5102669011854500|10|2023|184
5102669011820253|10|2023|249
5102669011835558|07|2024|890
5102669011818422|08|2021|740
5102669011853585|08|2023|261
5102669011830567|07|2024|519
5102669011815535|10|2021|382
5102669011817077|06|2022|384
5102669011826680|03|2024|172
5102669011818760|10|2021|553
5102669011828181|02|2021|308
5102669011805841|01|2024|834
5102669011880141|06|2024|785
5102669011856182|12|2024|877
5102669011807060|09|2022|942
5102669011835442|10|2024|189
5102669011885843|10|2024|560
5102669011803820|01|2021|294
5102669011881743|10|2025|714
5102669011878301|01|2023|878
5102669011811344|08|2022|561
5102669011816350|12|2025|375
5102669011856117|08|2024|894
5102669011838230|07|2023|525
5102669011847652|05|2024|457
5102669011875745|07|2022|339
5102669011861026|03|2022|165
5102669011877220|05|2025|191
5102669011886866|12|2024|198
5102669011876438|04|2025|340
5102669011832035|11|2021|704
5102669011875547|12|2021|253
5102669011830005|07|2023|485
5102669011860176|04|2024|580
5102669011806484|03|2022|630
5102669011883707|08|2025|448
5102669011833421|03|2023|219
5102669011835335|06|2022|502
5102669011810551|12|2022|593
5102669011801824|07|2022|170
5102669011868377|11|2024|732
5102669011842067|08|2024|187
5102669011888235|12|2021|487
5102669011824487|12|2024|579
5102669011811161|12|2023|801
5102669011882428|12|2025|906
5102669011865837|12|2024|189
5102669011826730|11|2024|264
5102669011871173|09|2022|808
5102669011884325|07|2023|717
5102669011811534|06|2024|872
5102669011886734|08|2025|320
5102669011836887|06|2025|644
5102669011844311|04|2022|357
5102669011851654|11|2024|635
5102669011803341|05|2025|396
5102669011882600|01|2021|714
5102669011860861|11|2021|605
5102669011811757|06|2022|333
5102669011812862|11|2023|138
5102669011837851|06|2025|382
5102669011805643|08|2022|625
5102669011852140|05|2021|438
5102669011842612|10|2021|209
5102669011872072|05|2025|664
5102669011887831|06|2025|740
5102669011820063|12|2024|154
5102669011826755|06|2022|783
5102669011840145|02|2025|973
5102669011882873|11|2025|579
5102669011840178|02|2023|370
5102669011820584|07|2022|380
5102669011856661|01|2024|335
5102669011858584|03|2025|922
5102669011814553|11|2024|897
5102669011834742|08|2022|421
5102669011831565|11|2022|427
5102669011856588|07|2023|670
5102669011826482|12|2025|240
5102669011877816|07|2023|768
5102669011886650|07|2023|299
5102669011862784|11|2022|834
5102669011884705|11|2025|747
5102669011872775|04|2022|963
5102669011810270|05|2023|450
5102669011845755|12|2022|718
5102669011854104|08|2024|752
5102669011868021|02|2023|466
5102669011846613|08|2022|393
5102669011854252|07|2022|265
5102669011804646|11|2021|459
5102669011840251|04|2022|968
5102669011838727|07|2023|364
5102669011802723|11|2025|261
5102669011873716|03|2024|580
5102669011816335|12|2025|604
5102669011841614|11|2024|195
5102669011857651|11|2024|113
5102669011821707|10|2025|530
5102669011824131|01|2025|275
5102669011875117|12|2025|568
5102669011875547|06|2023|472
5102669011818463|02|2022|995
5102669011850375|04|2021|281
5102669011854328|02|2023|438
5102669011825120|06|2025|672
5102669011878566|03|2022|188
5102669011848734|06|2022|744
5102669011844238|10|2022|594
5102669011841820|05|2023|378
5102669011813266|01|2021|939
5102669011818125|09|2022|637
5102669011887773|09|2024|645
5102669011823810|05|2023|119
5102669011808357|09|2023|722
5102669011851472|06|2024|727
5102669011881412|01|2023|860
5102669011837810|02|2022|955
5102669011877766|05|2024|194
